,survived,pclass,sex,age,sibsp,parch,fare,who,adult_male,embark_town,alone
0,0,3,1,22.0,1,0,7.25,1,1,1,0
1,1,1,2,38.0,1,0,71.2833,2,0,2,0
2,1,3,2,26.0,0,0,7.925,2,0,1,1
3,1,1,2,35.0,1,0,53.1,2,0,1,0
4,0,3,1,35.0,0,0,8.05,1,1,1,1
5,0,3,1,28.0,0,0,8.4583,1,1,3,1
6,0,1,1,54.0,0,0,51.8625,1,1,1,1
7,0,3,1,2.0,3,1,21.075,3,0,1,0
8,1,3,2,27.0,0,2,11.1333,2,0,1,0
9,1,2,2,14.0,1,0,30.0708,3,0,2,0
10,1,3,2,4.0,1,1,16.7,3,0,1,0
11,1,1,2,58.0,0,0,26.55,2,0,1,1
12,0,3,1,20.0,0,0,8.05,1,1,1,1
13,0,3,1,39.0,1,5,31.275,1,1,1,0
14,0,3,2,14.0,0,0,7.8542,3,0,1,1
15,1,2,2,55.0,0,0,16.0,2,0,1,1
16,0,3,1,2.0,4,1,29.125,3,0,3,0
17,1,2,1,28.0,0,0,13.0,1,1,1,1
18,0,3,2,31.0,1,0,18.0,2,0,1,0
19,1,3,2,28.0,0,0,7.225,2,0,2,1
20,0,2,1,35.0,0,0,26.0,1,1,1,1
21,1,2,1,34.0,0,0,13.0,1,1,1,1
22,1,3,2,15.0,0,0,8.0292,3,0,3,1
23,1,1,1,28.0,0,0,35.5,1,1,1,1
24,0,3,2,8.0,3,1,21.075,3,0,1,0
25,1,3,2,38.0,1,5,31.3875,2,0,1,0
26,0,3,1,28.0,0,0,7.225,1,1,2,1
27,0,1,1,19.0,3,2,263.0,1,1,1,0
28,1,3,2,28.0,0,0,7.8792,2,0,3,1
29,0,3,1,28.0,0,0,7.8958,1,1,1,1
30,0,1,1,40.0,0,0,27.7208,1,1,2,1
31,1,1,2,28.0,1,0,146.5208,2,0,2,0
32,1,3,2,28.0,0,0,7.75,2,0,3,1
33,0,2,1,66.0,0,0,10.5,1,1,1,1
34,0,1,1,28.0,1,0,82.1708,1,1,2,0
35,0,1,1,42.0,1,0,52.0,1,1,1,0
36,1,3,1,28.0,0,0,7.2292,1,1,2,1
37,0,3,1,21.0,0,0,8.05,1,1,1,1
38,0,3,2,18.0,2,0,18.0,2,0,1,0
39,1,3,2,14.0,1,0,11.2417,3,0,2,0
40,0,3,2,40.0,1,0,9.475,2,0,1,0
41,0,2,2,27.0,1,0,21.0,2,0,1,0
42,0,3,1,28.0,0,0,7.8958,1,1,2,1
43,1,2,2,3.0,1,2,41.5792,3,0,2,0
44,1,3,2,19.0,0,0,7.8792,2,0,3,1
45,0,3,1,28.0,0,0,8.05,1,1,1,1
46,0,3,1,28.0,1,0,15.5,1,1,3,0
47,1,3,2,28.0,0,0,7.75,2,0,3,1
48,0,3,1,28.0,2,0,21.6792,1,1,2,0
49,0,3,2,18.0,1,0,17.8,2,0,1,0
50,0,3,1,7.0,4,1,39.6875,3,0,1,0
51,0,3,1,21.0,0,0,7.8,1,1,1,1
52,1,1,2,49.0,1,0,76.7292,2,0,2,0
53,1,2,2,29.0,1,0,26.0,2,0,1,0
54,0,1,1,65.0,0,1,61.9792,1,1,2,0
55,1,1,1,28.0,0,0,35.5,1,1,1,1
56,1,2,2,21.0,0,0,10.5,2,0,1,1
57,0,3,1,28.5,0,0,7.2292,1,1,2,1
58,1,2,2,5.0,1,2,27.75,3,0,1,0
59,0,3,1,11.0,5,2,46.9,3,0,1,0
60,0,3,1,22.0,0,0,7.2292,1,1,2,1
61,1,1,2,38.0,0,0,80.0,2,0,1,1
62,0,1,1,45.0,1,0,83.475,1,1,1,0
63,0,3,1,4.0,3,2,27.9,3,0,1,0
64,0,1,1,28.0,0,0,27.7208,1,1,2,1
65,1,3,1,28.0,1,1,15.2458,1,1,2,0
66,1,2,2,29.0,0,0,10.5,2,0,1,1
67,0,3,1,19.0,0,0,8.1583,1,1,1,1
68,1,3,2,17.0,4,2,7.925,2,0,1,0
69,0,3,1,26.0,2,0,8.6625,1,1,1,0
70,0,2,1,32.0,0,0,10.5,1,1,1,1
71,0,3,2,16.0,5,2,46.9,2,0,1,0
72,0,2,1,21.0,0,0,73.5,1,1,1,1
73,0,3,1,26.0,1,0,14.4542,1,1,2,0
74,1,3,1,32.0,0,0,56.4958,1,1,1,1
75,0,3,1,25.0,0,0,7.65,1,1,1,1
76,0,3,1,28.0,0,0,7.8958,1,1,1,1
77,0,3,1,28.0,0,0,8.05,1,1,1,1
78,1,2,1,0.83,0,2,29.0,3,0,1,0
79,1,3,2,30.0,0,0,12.475,2,0,1,1
80,0,3,1,22.0,0,0,9.0,1,1,1,1
81,1,3,1,29.0,0,0,9.5,1,1,1,1
82,1,3,2,28.0,0,0,7.7875,2,0,3,1
83,0,1,1,28.0,0,0,47.1,1,1,1,1
84,1,2,2,17.0,0,0,10.5,2,0,1,1
85,1,3,2,33.0,3,0,15.85,2,0,1,0
86,0,3,1,16.0,1,3,34.375,1,1,1,0
87,0,3,1,28.0,0,0,8.05,1,1,1,1
88,1,1,2,23.0,3,2,263.0,2,0,1,0
89,0,3,1,24.0,0,0,8.05,1,1,1,1
90,0,3,1,29.0,0,0,8.05,1,1,1,1
91,0,3,1,20.0,0,0,7.8542,1,1,1,1
92,0,1,1,46.0,1,0,61.175,1,1,1,0
93,0,3,1,26.0,1,2,20.575,1,1,1,0
94,0,3,1,59.0,0,0,7.25,1,1,1,1
95,0,3,1,28.0,0,0,8.05,1,1,1,1
96,0,1,1,71.0,0,0,34.6542,1,1,2,1
97,1,1,1,23.0,0,1,63.3583,1,1,2,0
98,1,2,2,34.0,0,1,23.0,2,0,1,0
99,0,2,1,34.0,1,0,26.0,1,1,1,0
100,0,3,2,28.0,0,0,7.8958,2,0,1,1
101,0,3,1,28.0,0,0,7.8958,1,1,1,1
102,0,1,1,21.0,0,1,77.2875,1,1,1,0
103,0,3,1,33.0,0,0,8.6542,1,1,1,1
104,0,3,1,37.0,2,0,7.925,1,1,1,0
105,0,3,1,28.0,0,0,7.8958,1,1,1,1
106,1,3,2,21.0,0,0,7.65,2,0,1,1
107,1,3,1,28.0,0,0,7.775,1,1,1,1
108,0,3,1,38.0,0,0,7.8958,1,1,1,1
109,1,3,2,28.0,1,0,24.15,2,0,3,0
110,0,1,1,47.0,0,0,52.0,1,1,1,1
111,0,3,2,14.5,1,0,14.4542,3,0,2,0
112,0,3,1,22.0,0,0,8.05,1,1,1,1
113,0,3,2,20.0,1,0,9.825,2,0,1,0
114,0,3,2,17.0,0,0,14.4583,2,0,2,1
115,0,3,1,21.0,0,0,7.925,1,1,1,1
116,0,3,1,70.5,0,0,7.75,1,1,3,1
117,0,2,1,29.0,1,0,21.0,1,1,1,0
118,0,1,1,24.0,0,1,247.5208,1,1,2,0
119,0,3,2,2.0,4,2,31.275,3,0,1,0
120,0,2,1,21.0,2,0,73.5,1,1,1,0
121,0,3,1,28.0,0,0,8.05,1,1,1,1
122,0,2,1,32.5,1,0,30.0708,1,1,2,0
123,1,2,2,32.5,0,0,13.0,2,0,1,1
124,0,1,1,54.0,0,1,77.2875,1,1,1,0
125,1,3,1,12.0,1,0,11.2417,3,0,2,0
126,0,3,1,28.0,0,0,7.75,1,1,3,1
127,1,3,1,24.0,0,0,7.1417,1,1,1,1
128,1,3,2,28.0,1,1,22.3583,2,0,2,0
129,0,3,1,45.0,0,0,6.975,1,1,1,1
130,0,3,1,33.0,0,0,7.8958,1,1,2,1
131,0,3,1,20.0,0,0,7.05,1,1,1,1
132,0,3,2,47.0,1,0,14.5,2,0,1,0
133,1,2,2,29.0,1,0,26.0,2,0,1,0
134,0,2,1,25.0,0,0,13.0,1,1,1,1
135,0,2,1,23.0,0,0,15.0458,1,1,2,1
136,1,1,2,19.0,0,2,26.2833,2,0,1,0
137,0,1,1,37.0,1,0,53.1,1,1,1,0
138,0,3,1,16.0,0,0,9.2167,1,1,1,1
139,0,1,1,24.0,0,0,79.2,1,1,2,1
140,0,3,2,28.0,0,2,15.2458,2,0,2,0
141,1,3,2,22.0,0,0,7.75,2,0,1,1
142,1,3,2,24.0,1,0,15.85,2,0,1,0
143,0,3,1,19.0,0,0,6.75,1,1,3,1
144,0,2,1,18.0,0,0,11.5,1,1,1,1
145,0,2,1,19.0,1,1,36.75,1,1,1,0
146,1,3,1,27.0,0,0,7.7958,1,1,1,1
147,0,3,2,9.0,2,2,34.375,3,0,1,0
148,0,2,1,36.5,0,2,26.0,1,1,1,0
149,0,2,1,42.0,0,0,13.0,1,1,1,1
150,0,2,1,51.0,0,0,12.525,1,1,1,1
151,1,1,2,22.0,1,0,66.6,2,0,1,0
152,0,3,1,55.5,0,0,8.05,1,1,1,1
153,0,3,1,40.5,0,2,14.5,1,1,1,0
154,0,3,1,28.0,0,0,7.3125,1,1,1,1
155,0,1,1,51.0,0,1,61.3792,1,1,2,0
156,1,3,2,16.0,0,0,7.7333,2,0,3,1
157,0,3,1,30.0,0,0,8.05,1,1,1,1
158,0,3,1,28.0,0,0,8.6625,1,1,1,1
159,0,3,1,28.0,8,2,69.55,1,1,1,0
160,0,3,1,44.0,0,1,16.1,1,1,1,0
161,1,2,2,40.0,0,0,15.75,2,0,1,1
162,0,3,1,26.0,0,0,7.775,1,1,1,1
163,0,3,1,17.0,0,0,8.6625,1,1,1,1
164,0,3,1,1.0,4,1,39.6875,3,0,1,0
165,1,3,1,9.0,0,2,20.525,3,0,1,0
166,1,1,2,28.0,0,1,55.0,2,0,1,0
167,0,3,2,45.0,1,4,27.9,2,0,1,0
168,0,1,1,28.0,0,0,25.925,1,1,1,1
169,0,3,1,28.0,0,0,56.4958,1,1,1,1
170,0,1,1,61.0,0,0,33.5,1,1,1,1
171,0,3,1,4.0,4,1,29.125,3,0,3,0
172,1,3,2,1.0,1,1,11.1333,3,0,1,0
173,0,3,1,21.0,0,0,7.925,1,1,1,1
174,0,1,1,56.0,0,0,30.6958,1,1,2,1
175,0,3,1,18.0,1,1,7.8542,1,1,1,0
176,0,3,1,28.0,3,1,25.4667,1,1,1,0
177,0,1,2,50.0,0,0,28.7125,2,0,2,1
178,0,2,1,30.0,0,0,13.0,1,1,1,1
179,0,3,1,36.0,0,0,0.0,1,1,1,1
180,0,3,2,28.0,8,2,69.55,2,0,1,0
181,0,2,1,28.0,0,0,15.05,1,1,2,1
182,0,3,1,9.0,4,2,31.3875,3,0,1,0
183,1,2,1,1.0,2,1,39.0,3,0,1,0
184,1,3,2,4.0,0,2,22.025,3,0,1,0
185,0,1,1,28.0,0,0,50.0,1,1,1,1
186,1,3,2,28.0,1,0,15.5,2,0,3,0
187,1,1,1,45.0,0,0,26.55,1,1,1,1
188,0,3,1,40.0,1,1,15.5,1,1,3,0
189,0,3,1,36.0,0,0,7.8958,1,1,1,1
190,1,2,2,32.0,0,0,13.0,2,0,1,1
191,0,2,1,19.0,0,0,13.0,1,1,1,1
192,1,3,2,19.0,1,0,7.8542,2,0,1,0
193,1,2,1,3.0,1,1,26.0,3,0,1,0
194,1,1,2,44.0,0,0,27.7208,2,0,2,1
195,1,1,2,58.0,0,0,146.5208,2,0,2,1
196,0,3,1,28.0,0,0,7.75,1,1,3,1
197,0,3,1,42.0,0,1,8.4042,1,1,1,0
198,1,3,2,28.0,0,0,7.75,2,0,3,1
199,0,2,2,24.0,0,0,13.0,2,0,1,1
200,0,3,1,28.0,0,0,9.5,1,1,1,1
201,0,3,1,28.0,8,2,69.55,1,1,1,0
202,0,3,1,34.0,0,0,6.4958,1,1,1,1
203,0,3,1,45.5,0,0,7.225,1,1,2,1
204,1,3,1,18.0,0,0,8.05,1,1,1,1
205,0,3,2,2.0,0,1,10.4625,3,0,1,0
206,0,3,1,32.0,1,0,15.85,1,1,1,0
207,1,3,1,26.0,0,0,18.7875,1,1,2,1
208,1,3,2,16.0,0,0,7.75,2,0,3,1
209,1,1,1,40.0,0,0,31.0,1,1,2,1
210,0,3,1,24.0,0,0,7.05,1,1,1,1
211,1,2,2,35.0,0,0,21.0,2,0,1,1
212,0,3,1,22.0,0,0,7.25,1,1,1,1
213,0,2,1,30.0,0,0,13.0,1,1,1,1
214,1,1,2,31.0,1,0,113.275,2,0,2,0
215,1,3,2,27.0,0,0,7.925,2,0,1,1
216,0,2,1,42.0,1,0,27.0,1,1,1,0
217,1,1,2,32.0,0,0,76.2917,2,0,2,1
218,0,2,1,30.0,0,0,10.5,1,1,1,1
219,1,3,1,16.0,0,0,8.05,1,1,1,1
220,0,2,1,27.0,0,0,13.0,1,1,1,1
221,0,3,1,51.0,0,0,8.05,1,1,1,1
222,0,3,1,28.0,0,0,7.8958,1,1,1,1
223,1,1,1,38.0,1,0,90.0,1,1,1,0
224,0,3,1,22.0,0,0,9.35,1,1,1,1
225,1,2,1,19.0,0,0,10.5,1,1,1,1
226,0,3,1,20.5,0,0,7.25,1,1,1,1
227,0,2,1,18.0,0,0,13.0,1,1,1,1
228,0,3,2,28.0,3,1,25.4667,2,0,1,0
229,1,1,2,35.0,1,0,83.475,2,0,1,0
230,0,3,1,29.0,0,0,7.775,1,1,1,1
231,0,2,1,59.0,0,0,13.5,1,1,1,1
232,1,3,2,5.0,4,2,31.3875,3,0,1,0
233,0,2,1,24.0,0,0,10.5,1,1,1,1
234,0,3,2,28.0,0,0,7.55,2,0,1,1
235,0,2,1,44.0,1,0,26.0,1,1,1,0
236,1,2,2,8.0,0,2,26.25,3,0,1,0
237,0,2,1,19.0,0,0,10.5,1,1,1,1
238,0,2,1,33.0,0,0,12.275,1,1,1,1
239,0,3,2,28.0,1,0,14.4542,2,0,2,0
240,1,3,2,28.0,1,0,15.5,2,0,3,0
241,0,2,1,29.0,0,0,10.5,1,1,1,1
242,0,3,1,22.0,0,0,7.125,1,1,1,1
243,0,3,1,30.0,0,0,7.225,1,1,2,1
244,0,1,1,44.0,2,0,90.0,1,1,3,0
245,0,3,2,25.0,0,0,7.775,2,0,1,1
246,1,2,2,24.0,0,2,14.5,2,0,1,0
247,1,1,1,37.0,1,1,52.5542,1,1,1,0
248,0,2,1,54.0,1,0,26.0,1,1,1,0
249,0,3,1,28.0,0,0,7.25,1,1,1,1
250,0,3,2,29.0,1,1,10.4625,2,0,1,0
251,0,1,1,62.0,0,0,26.55,1,1,1,1
252,0,3,1,30.0,1,0,16.1,1,1,1,0
253,0,3,2,41.0,0,2,20.2125,2,0,1,0
254,1,3,2,29.0,0,2,15.2458,2,0,2,0
255,1,1,2,28.0,0,0,79.2,2,0,2,1
256,1,1,2,30.0,0,0,86.5,2,0,1,1
257,1,1,2,35.0,0,0,512.3292,2,0,2,1
258,1,2,2,50.0,0,1,26.0,2,0,1,0
259,0,3,1,28.0,0,0,7.75,1,1,3,1
260,1,3,1,3.0,4,2,31.3875,3,0,1,0
261,0,1,1,52.0,1,1,79.65,1,1,1,0
262,0,1,1,40.0,0,0,0.0,1,1,1,1
263,0,3,2,28.0,0,0,7.75,2,0,3,1
264,0,2,1,36.0,0,0,10.5,1,1,1,1
265,0,3,1,16.0,4,1,39.6875,1,1,1,0
266,1,3,1,25.0,1,0,7.775,1,1,1,0
267,1,1,2,58.0,0,1,153.4625,2,0,1,0
268,1,1,2,35.0,0,0,135.6333,2,0,1,1
269,0,1,1,28.0,0,0,31.0,1,1,1,1
270,1,3,1,25.0,0,0,0.0,1,1,1,1
271,1,2,2,41.0,0,1,19.5,2,0,1,0
272,0,1,1,37.0,0,1,29.7,1,1,2,0
273,1,3,2,28.0,0,0,7.75,2,0,3,1
274,1,1,2,63.0,1,0,77.9583,2,0,1,0
275,0,3,2,45.0,0,0,7.75,2,0,1,1
276,0,2,1,28.0,0,0,0.0,1,1,1,1
277,0,3,1,7.0,4,1,29.125,3,0,3,0
278,1,3,2,35.0,1,1,20.25,2,0,1,0
279,0,3,1,65.0,0,0,7.75,1,1,3,1
280,0,3,1,28.0,0,0,7.8542,1,1,1,1
281,0,3,1,16.0,0,0,9.5,1,1,1,1
282,1,3,1,19.0,0,0,8.05,1,1,1,1
283,0,1,1,28.0,0,0,26.0,1,1,1,1
284,0,3,1,33.0,0,0,8.6625,1,1,2,1
285,1,3,1,30.0,0,0,9.5,1,1,1,1
286,0,3,1,22.0,0,0,7.8958,1,1,1,1
287,1,2,1,42.0,0,0,13.0,1,1,1,1
288,1,3,2,22.0,0,0,7.75,2,0,3,1
289,1,1,2,26.0,0,0,78.85,2,0,1,1
290,1,1,2,19.0,1,0,91.0792,2,0,2,0
291,0,2,1,36.0,0,0,12.875,1,1,2,1
292,0,3,2,24.0,0,0,8.85,2,0,1,1
293,0,3,1,24.0,0,0,7.8958,1,1,1,1
294,0,1,1,28.0,0,0,27.7208,1,1,2,1
295,0,3,1,23.5,0,0,7.2292,1,1,2,1
296,0,1,2,2.0,1,2,151.55,3,0,1,0
297,1,1,1,28.0,0,0,30.5,1,1,1,1
298,1,1,2,50.0,0,1,247.5208,2,0,2,0
299,1,3,2,28.0,0,0,7.75,2,0,3,1
300,1,3,1,28.0,2,0,23.25,1,1,3,0
301,0,3,1,19.0,0,0,0.0,1,1,1,1
302,1,2,2,28.0,0,0,12.35,2,0,3,1
303,0,3,1,28.0,0,0,8.05,1,1,1,1
304,1,1,1,0.92,1,2,151.55,3,0,1,0
305,1,1,2,28.0,0,0,110.8833,2,0,2,1
306,1,1,2,17.0,1,0,108.9,2,0,2,0
307,0,2,1,30.0,1,0,24.0,1,1,2,0
308,1,1,2,30.0,0,0,56.9292,2,0,2,1
309,1,1,2,24.0,0,0,83.1583,2,0,2,1
310,1,1,2,18.0,2,2,262.375,2,0,2,0
311,0,2,2,26.0,1,1,26.0,2,0,1,0
312,0,3,1,28.0,0,0,7.8958,1,1,1,1
313,0,2,1,43.0,1,1,26.25,1,1,1,0
314,1,3,2,26.0,0,0,7.8542,2,0,1,1
315,1,2,2,24.0,1,0,26.0,2,0,1,0
316,0,2,1,54.0,0,0,14.0,1,1,1,1
317,1,1,2,31.0,0,2,164.8667,2,0,1,0
318,1,1,2,40.0,1,1,134.5,2,0,2,0
319,0,3,1,22.0,0,0,7.25,1,1,1,1
320,0,3,1,27.0,0,0,7.8958,1,1,1,1
321,1,2,2,30.0,0,0,12.35,2,0,3,1
322,1,2,2,22.0,1,1,29.0,2,0,1,0
323,0,3,1,28.0,8,2,69.55,1,1,1,0
324,1,1,2,36.0,0,0,135.6333,2,0,2,1
325,0,3,1,61.0,0,0,6.2375,1,1,1,1
326,1,2,2,36.0,0,0,13.0,2,0,1,1
327,1,3,2,31.0,1,1,20.525,2,0,1,0
328,1,1,2,16.0,0,1,57.9792,2,0,2,0
329,1,3,2,28.0,2,0,23.25,2,0,3,0
330,0,1,1,45.5,0,0,28.5,1,1,1,1
331,0,1,1,38.0,0,1,153.4625,1,1,1,0
332,0,3,1,16.0,2,0,18.0,1,1,1,0
333,1,1,2,28.0,1,0,133.65,2,0,1,0
334,0,3,1,28.0,0,0,7.8958,1,1,1,1
335,0,1,1,29.0,1,0,66.6,1,1,1,0
336,1,1,2,41.0,0,0,134.5,2,0,2,1
337,1,3,1,45.0,0,0,8.05,1,1,1,1
338,0,1,1,45.0,0,0,35.5,1,1,1,1
339,1,2,1,2.0,1,1,26.0,3,0,1,0
340,1,1,2,24.0,3,2,263.0,2,0,1,0
341,0,2,1,28.0,0,0,13.0,1,1,1,1
342,0,2,1,25.0,0,0,13.0,1,1,1,1
343,0,2,1,36.0,0,0,13.0,1,1,1,1
344,1,2,2,24.0,0,0,13.0,2,0,1,1
345,1,2,2,40.0,0,0,13.0,2,0,1,1
346,1,3,2,28.0,1,0,16.1,2,0,1,0
347,1,3,1,3.0,1,1,15.9,3,0,1,0
348,0,3,1,42.0,0,0,8.6625,1,1,1,1
349,0,3,1,23.0,0,0,9.225,1,1,1,1
350,0,1,1,28.0,0,0,35.0,1,1,1,1
351,0,3,1,15.0,1,1,7.2292,3,0,2,0
352,0,3,1,25.0,1,0,17.8,1,1,1,0
353,0,3,1,28.0,0,0,7.225,1,1,2,1
354,0,3,1,28.0,0,0,9.5,1,1,1,1
355,1,1,2,22.0,0,1,55.0,2,0,1,0
356,0,2,2,38.0,0,0,13.0,2,0,1,1
357,1,3,2,28.0,0,0,7.8792,2,0,3,1
358,1,3,2,28.0,0,0,7.8792,2,0,3,1
359,0,3,1,40.0,1,4,27.9,1,1,1,0
360,0,2,1,29.0,1,0,27.7208,1,1,2,0
361,0,3,2,45.0,0,1,14.4542,2,0,2,0
362,0,3,1,35.0,0,0,7.05,1,1,1,1
363,0,3,1,28.0,1,0,15.5,1,1,3,0
364,0,3,1,30.0,0,0,7.25,1,1,1,1
365,1,1,2,60.0,1,0,75.25,2,0,2,0
366,1,3,2,28.0,0,0,7.2292,2,0,2,1
367,1,3,2,28.0,0,0,7.75,2,0,3,1
368,1,1,2,24.0,0,0,69.3,2,0,2,1
369,1,1,1,25.0,1,0,55.4417,1,1,2,0
370,0,3,1,18.0,1,0,6.4958,1,1,1,0
371,0,3,1,19.0,0,0,8.05,1,1,1,1
372,0,1,1,22.0,0,0,135.6333,1,1,2,1
373,0,3,2,3.0,3,1,21.075,3,0,1,0
374,1,1,2,28.0,1,0,82.1708,2,0,2,0
375,1,3,2,22.0,0,0,7.25,2,0,1,1
376,0,1,1,27.0,0,2,211.5,1,1,2,0
377,0,3,1,20.0,0,0,4.0125,1,1,2,1
378,0,3,1,19.0,0,0,7.775,1,1,1,1
379,1,1,2,42.0,0,0,227.525,2,0,2,1
380,1,3,2,1.0,0,2,15.7417,3,0,2,0
381,0,3,1,32.0,0,0,7.925,1,1,1,1
382,1,1,2,35.0,1,0,52.0,2,0,1,0
383,0,3,1,28.0,0,0,7.8958,1,1,1,1
384,0,2,1,18.0,0,0,73.5,1,1,1,1
385,0,3,1,1.0,5,2,46.9,3,0,1,0
386,1,2,2,36.0,0,0,13.0,2,0,1,1
387,0,3,1,28.0,0,0,7.7292,1,1,3,1
388,1,2,2,17.0,0,0,12.0,2,0,2,1
389,1,1,1,36.0,1,2,120.0,1,1,1,0
390,1,3,1,21.0,0,0,7.7958,1,1,1,1
391,0,3,1,28.0,2,0,7.925,1,1,1,0
392,1,1,2,23.0,1,0,113.275,2,0,2,0
393,1,3,2,24.0,0,2,16.7,2,0,1,0
394,0,3,1,22.0,0,0,7.7958,1,1,1,1
395,0,3,2,31.0,0,0,7.8542,2,0,1,1
396,0,2,1,46.0,0,0,26.0,1,1,1,1
397,0,2,1,23.0,0,0,10.5,1,1,1,1
398,1,2,2,28.0,0,0,12.65,2,0,1,1
399,1,3,1,39.0,0,0,7.925,1,1,1,1
400,0,3,1,26.0,0,0,8.05,1,1,1,1
401,0,3,2,21.0,1,0,9.825,2,0,1,0
402,0,3,1,28.0,1,0,15.85,1,1,1,0
403,0,3,2,20.0,0,0,8.6625,2,0,1,1
404,0,2,1,34.0,1,0,21.0,1,1,1,0
405,0,3,1,51.0,0,0,7.75,1,1,1,1
406,1,2,1,3.0,1,1,18.75,3,0,1,0
407,0,3,1,21.0,0,0,7.775,1,1,1,1
408,0,3,2,28.0,3,1,25.4667,2,0,1,0
409,0,3,1,28.0,0,0,7.8958,1,1,1,1
410,0,3,1,28.0,0,0,6.8583,1,1,3,1
411,1,1,2,33.0,1,0,90.0,2,0,3,0
412,0,2,1,28.0,0,0,0.0,1,1,1,1
413,1,3,1,44.0,0,0,7.925,1,1,1,1
414,0,3,2,28.0,0,0,8.05,2,0,1,1
415,1,2,2,34.0,1,1,32.5,2,0,1,0
416,1,2,2,18.0,0,2,13.0,2,0,1,0
417,0,2,1,30.0,0,0,13.0,1,1,1,1
418,0,3,2,10.0,0,2,24.15,3,0,1,0
419,0,3,1,28.0,0,0,7.8958,1,1,2,1
420,0,3,1,21.0,0,0,7.7333,1,1,3,1
421,0,3,1,29.0,0,0,7.875,1,1,1,1
422,0,3,2,28.0,1,1,14.4,2,0,1,0
423,0,3,1,18.0,1,1,20.2125,1,1,1,0
424,0,3,1,28.0,0,0,7.25,1,1,1,1
425,1,2,2,28.0,1,0,26.0,2,0,1,0
426,1,2,2,19.0,0,0,26.0,2,0,1,1
427,0,3,1,28.0,0,0,7.75,1,1,3,1
428,1,3,1,32.0,0,0,8.05,1,1,1,1
429,1,1,1,28.0,0,0,26.55,1,1,1,1
430,1,3,2,28.0,1,0,16.1,2,0,1,0
431,1,2,2,42.0,1,0,26.0,2,0,1,0
432,0,3,1,17.0,0,0,7.125,1,1,1,1
433,0,1,1,50.0,1,0,55.9,1,1,1,0
434,1,1,2,14.0,1,2,120.0,3,0,1,0
435,0,3,2,21.0,2,2,34.375,2,0,1,0
436,1,2,2,24.0,2,3,18.75,2,0,1,0
437,0,1,1,64.0,1,4,263.0,1,1,1,0
438,0,2,1,31.0,0,0,10.5,1,1,1,1
439,1,2,2,45.0,1,1,26.25,2,0,1,0
440,0,3,1,20.0,0,0,9.5,1,1,1,1
441,0,3,1,25.0,1,0,7.775,1,1,1,0
442,1,2,2,28.0,0,0,13.0,2,0,1,1
443,1,3,1,28.0,0,0,8.1125,1,1,1,1
444,1,1,1,4.0,0,2,81.8583,3,0,1,0
445,1,2,2,13.0,0,1,19.5,3,0,1,0
446,1,1,1,34.0,0,0,26.55,1,1,1,1
447,1,3,2,5.0,2,1,19.2583,3,0,2,0
448,1,1,1,52.0,0,0,30.5,1,1,1,1
449,0,2,1,36.0,1,2,27.75,1,1,1,0
450,0,3,1,28.0,1,0,19.9667,1,1,1,0
451,0,1,1,30.0,0,0,27.75,1,1,2,1
452,1,1,1,49.0,1,0,89.1042,1,1,2,0
453,0,3,1,28.0,0,0,8.05,1,1,1,1
454,1,3,1,29.0,0,0,7.8958,1,1,2,1
455,0,1,1,65.0,0,0,26.55,1,1,1,1
456,1,1,2,28.0,1,0,51.8625,2,0,1,0
457,1,2,2,50.0,0,0,10.5,2,0,1,1
458,0,3,1,28.0,0,0,7.75,1,1,3,1
459,1,1,1,48.0,0,0,26.55,1,1,1,1
460,0,3,1,34.0,0,0,8.05,1,1,1,1
461,0,1,1,47.0,0,0,38.5,1,1,1,1
462,0,2,1,48.0,0,0,13.0,1,1,1,1
463,0,3,1,28.0,0,0,8.05,1,1,1,1
464,0,3,1,38.0,0,0,7.05,1,1,1,1
465,0,2,1,28.0,0,0,0.0,1,1,1,1
466,0,1,1,56.0,0,0,26.55,1,1,1,1
467,0,3,1,28.0,0,0,7.725,1,1,3,1
468,1,3,2,0.75,2,1,19.2583,3,0,2,0
469,0,3,1,28.0,0,0,7.25,1,1,1,1
470,0,3,1,38.0,0,0,8.6625,1,1,1,1
471,1,2,2,33.0,1,2,27.75,2,0,1,0
472,1,2,2,23.0,0,0,13.7917,2,0,2,1
473,0,3,2,22.0,0,0,9.8375,2,0,1,1
474,0,1,1,28.0,0,0,52.0,1,1,1,1
475,0,2,1,34.0,1,0,21.0,1,1,1,0
476,0,3,1,29.0,1,0,7.0458,1,1,1,0
477,0,3,1,22.0,0,0,7.5208,1,1,1,1
478,1,3,2,2.0,0,1,12.2875,3,0,1,0
479,0,3,1,9.0,5,2,46.9,3,0,1,0
480,0,2,1,28.0,0,0,0.0,1,1,1,1
481,0,3,1,50.0,0,0,8.05,1,1,1,1
482,1,3,2,63.0,0,0,9.5875,2,0,1,1
483,1,1,1,25.0,1,0,91.0792,1,1,2,0
484,0,3,2,28.0,3,1,25.4667,2,0,1,0
485,1,1,2,35.0,1,0,90.0,2,0,1,0
486,0,1,1,58.0,0,0,29.7,1,1,2,1
487,0,3,1,30.0,0,0,8.05,1,1,1,1
488,1,3,1,9.0,1,1,15.9,3,0,1,0
489,0,3,1,28.0,1,0,19.9667,1,1,1,0
490,0,3,1,21.0,0,0,7.25,1,1,1,1
491,0,1,1,55.0,0,0,30.5,1,1,1,1
492,0,1,1,71.0,0,0,49.5042,1,1,2,1
493,0,3,1,21.0,0,0,8.05,1,1,1,1
494,0,3,1,28.0,0,0,14.4583,1,1,2,1
495,1,1,2,54.0,1,0,78.2667,2,0,2,0
496,0,3,1,28.0,0,0,15.1,1,1,1,1
497,0,1,2,25.0,1,2,151.55,2,0,1,0
498,0,3,1,24.0,0,0,7.7958,1,1,1,1
499,0,3,1,17.0,0,0,8.6625,1,1,1,1
500,0,3,2,21.0,0,0,7.75,2,0,3,1
501,0,3,2,28.0,0,0,7.6292,2,0,3,1
502,0,3,2,37.0,0,0,9.5875,2,0,1,1
503,1,1,2,16.0,0,0,86.5,2,0,1,1
504,0,1,1,18.0,1,0,108.9,1,1,2,0
505,1,2,2,33.0,0,2,26.0,2,0,1,0
506,1,1,1,28.0,0,0,26.55,1,1,1,1
507,0,3,1,28.0,0,0,22.525,1,1,1,1
508,1,3,1,26.0,0,0,56.4958,1,1,1,1
509,1,3,1,29.0,0,0,7.75,1,1,3,1
510,0,3,1,28.0,0,0,8.05,1,1,1,1
511,1,1,1,36.0,0,0,26.2875,1,1,1,1
512,1,1,2,54.0,1,0,59.4,2,0,2,0
513,0,3,1,24.0,0,0,7.4958,1,1,1,1
514,0,1,1,47.0,0,0,34.0208,1,1,1,1
515,1,2,2,34.0,0,0,10.5,2,0,1,1
516,0,3,1,28.0,0,0,24.15,1,1,3,1
517,1,2,2,36.0,1,0,26.0,2,0,1,0
518,0,3,1,32.0,0,0,7.8958,1,1,1,1
519,1,1,2,30.0,0,0,93.5,2,0,1,1
520,0,3,1,22.0,0,0,7.8958,1,1,1,1
521,0,3,1,28.0,0,0,7.225,1,1,2,1
522,1,1,2,44.0,0,1,57.9792,2,0,2,0
523,0,3,1,28.0,0,0,7.2292,1,1,2,1
524,0,3,1,40.5,0,0,7.75,1,1,3,1
525,1,2,2,50.0,0,0,10.5,2,0,1,1
526,0,1,1,28.0,0,0,221.7792,1,1,1,1
527,0,3,1,39.0,0,0,7.925,1,1,1,1
528,0,2,1,23.0,2,1,11.5,1,1,1,0
529,1,2,2,2.0,1,1,26.0,3,0,1,0
530,0,3,1,28.0,0,0,7.2292,1,1,2,1
531,0,3,1,17.0,1,1,7.2292,1,1,2,0
532,1,3,2,28.0,0,2,22.3583,2,0,2,0
533,0,3,2,30.0,0,0,8.6625,2,0,1,1
534,1,2,2,7.0,0,2,26.25,3,0,1,0
535,0,1,1,45.0,0,0,26.55,1,1,1,1
536,1,1,2,30.0,0,0,106.425,2,0,2,1
537,0,3,1,28.0,0,0,14.5,1,1,1,1
538,1,1,2,22.0,0,2,49.5,2,0,2,0
539,1,1,2,36.0,0,2,71.0,2,0,1,0
540,0,3,2,9.0,4,2,31.275,3,0,1,0
541,0,3,2,11.0,4,2,31.275,3,0,1,0
542,1,2,1,32.0,1,0,26.0,1,1,1,0
543,0,1,1,50.0,1,0,106.425,1,1,2,0
544,0,1,1,64.0,0,0,26.0,1,1,1,1
545,1,2,2,19.0,1,0,26.0,2,0,1,0
546,1,2,1,28.0,0,0,13.8625,1,1,2,1
547,0,3,1,33.0,1,1,20.525,1,1,1,0
548,1,2,1,8.0,1,1,36.75,3,0,1,0
549,1,1,1,17.0,0,2,110.8833,1,1,2,0
550,0,2,1,27.0,0,0,26.0,1,1,1,1
551,0,3,1,28.0,0,0,7.8292,1,1,3,1
552,1,3,1,22.0,0,0,7.225,1,1,2,1
553,1,3,2,22.0,0,0,7.775,2,0,1,1
554,0,1,1,62.0,0,0,26.55,1,1,1,1
555,1,1,2,48.0,1,0,39.6,2,0,2,0
556,0,1,1,28.0,0,0,227.525,1,1,2,1
557,1,1,2,39.0,1,1,79.65,2,0,1,0
558,1,3,2,36.0,1,0,17.4,2,0,1,0
559,0,3,1,28.0,0,0,7.75,1,1,3,1
560,0,3,1,40.0,0,0,7.8958,1,1,1,1
561,0,2,1,28.0,0,0,13.5,1,1,1,1
562,0,3,1,28.0,0,0,8.05,1,1,1,1
563,0,3,2,28.0,0,0,8.05,2,0,1,1
564,0,3,1,24.0,2,0,24.15,1,1,1,0
565,0,3,1,19.0,0,0,7.8958,1,1,1,1
566,0,3,2,29.0,0,4,21.075,2,0,1,0
567,0,3,1,28.0,0,0,7.2292,1,1,2,1
568,1,3,1,32.0,0,0,7.8542,1,1,1,1
569,1,2,1,62.0,0,0,10.5,1,1,1,1
570,1,1,2,53.0,2,0,51.4792,2,0,1,0
571,1,1,1,36.0,0,0,26.3875,1,1,1,1
572,1,3,2,28.0,0,0,7.75,2,0,3,1
573,0,3,1,16.0,0,0,8.05,1,1,1,1
574,0,3,1,19.0,0,0,14.5,1,1,1,1
575,1,2,2,34.0,0,0,13.0,2,0,1,1
576,1,1,2,39.0,1,0,55.9,2,0,1,0
577,0,3,2,28.0,1,0,14.4583,2,0,2,0
578,1,3,1,32.0,0,0,7.925,1,1,1,1
579,1,2,2,25.0,1,1,30.0,2,0,1,0
580,1,1,2,39.0,1,1,110.8833,2,0,2,0
581,0,2,1,54.0,0,0,26.0,1,1,1,1
582,0,1,1,36.0,0,0,40.125,1,1,2,1
583,0,3,1,28.0,0,0,8.7125,1,1,2,1
584,1,1,2,18.0,0,2,79.65,2,0,1,0
585,0,2,1,47.0,0,0,15.0,1,1,1,1
586,1,1,1,60.0,1,1,79.2,1,1,2,0
587,0,3,1,22.0,0,0,8.05,1,1,1,1
588,0,3,1,28.0,0,0,8.05,1,1,1,1
589,0,3,1,35.0,0,0,7.125,1,1,1,1
590,1,1,2,52.0,1,0,78.2667,2,0,2,0
591,0,3,1,47.0,0,0,7.25,1,1,1,1
592,0,3,2,28.0,0,2,7.75,2,0,3,0
593,0,2,1,37.0,1,0,26.0,1,1,1,0
594,0,3,1,36.0,1,1,24.15,1,1,1,0
595,1,2,2,28.0,0,0,33.0,2,0,1,1
596,0,3,1,49.0,0,0,0.0,1,1,1,1
597,0,3,1,28.0,0,0,7.225,1,1,2,1
598,1,1,1,49.0,1,0,56.9292,1,1,2,0
599,1,2,2,24.0,2,1,27.0,2,0,1,0
600,0,3,1,28.0,0,0,7.8958,1,1,1,1
601,0,1,1,28.0,0,0,42.4,1,1,1,1
602,0,3,1,44.0,0,0,8.05,1,1,1,1
603,1,1,1,35.0,0,0,26.55,1,1,2,1
604,0,3,1,36.0,1,0,15.55,1,1,1,0
605,1,1,1,27.0,0,0,30.5,1,1,1,1
606,1,2,2,22.0,1,2,41.5792,2,0,2,0
607,1,1,2,40.0,0,0,153.4625,2,0,1,1
608,0,3,2,39.0,1,5,31.275,2,0,1,0
609,0,3,1,28.0,0,0,7.05,1,1,1,1
610,1,3,2,28.0,1,0,15.5,2,0,3,0
611,0,3,1,28.0,0,0,7.75,1,1,3,1
612,0,3,1,35.0,0,0,8.05,1,1,1,1
613,1,2,2,24.0,1,2,65.0,2,0,1,0
614,0,3,1,34.0,1,1,14.4,1,1,1,0
615,0,3,2,26.0,1,0,16.1,2,0,1,0
616,1,2,2,4.0,2,1,39.0,3,0,1,0
617,0,2,1,26.0,0,0,10.5,1,1,1,1
618,0,3,1,27.0,1,0,14.4542,1,1,2,0
619,1,1,1,42.0,1,0,52.5542,1,1,1,0
620,1,3,1,20.0,1,1,15.7417,1,1,2,0
621,0,3,1,21.0,0,0,7.8542,1,1,1,1
622,0,3,1,21.0,0,0,16.1,1,1,1,1
623,0,1,1,61.0,0,0,32.3208,1,1,1,1
624,0,2,1,57.0,0,0,12.35,1,1,3,1
625,1,1,2,21.0,0,0,77.9583,2,0,1,1
626,0,3,1,26.0,0,0,7.8958,1,1,1,1
627,0,3,1,28.0,0,0,7.7333,1,1,3,1
628,1,1,1,80.0,0,0,30.0,1,1,1,1
629,0,3,1,51.0,0,0,7.0542,1,1,1,1
630,1,1,1,32.0,0,0,30.5,1,1,2,1
631,0,1,1,28.0,0,0,0.0,1,1,1,1
632,0,3,2,9.0,3,2,27.9,3,0,1,0
633,1,2,2,28.0,0,0,13.0,2,0,1,1
634,0,3,1,32.0,0,0,7.925,1,1,1,1
635,0,2,1,31.0,1,1,26.25,1,1,1,0
636,0,3,2,41.0,0,5,39.6875,2,0,1,0
637,0,3,1,28.0,1,0,16.1,1,1,1,0
638,0,3,1,20.0,0,0,7.8542,1,1,1,1
639,1,1,2,24.0,0,0,69.3,2,0,2,1
640,0,3,2,2.0,3,2,27.9,3,0,1,0
641,1,3,1,28.0,0,0,56.4958,1,1,1,1
642,1,3,2,0.75,2,1,19.2583,3,0,2,0
643,1,1,1,48.0,1,0,76.7292,1,1,2,0
644,0,3,1,19.0,0,0,7.8958,1,1,1,1
645,1,1,1,56.0,0,0,35.5,1,1,2,1
646,0,3,1,28.0,0,0,7.55,1,1,1,1
647,1,3,2,23.0,0,0,7.55,2,0,1,1
648,0,3,1,28.0,0,0,7.8958,1,1,1,1
649,1,2,2,18.0,0,1,23.0,2,0,1,0
650,0,3,1,21.0,0,0,8.4333,1,1,1,1
651,1,3,2,28.0,0,0,7.8292,2,0,3,1
652,0,3,2,18.0,0,0,6.75,2,0,3,1
653,0,2,1,24.0,2,0,73.5,1,1,1,0
654,0,3,1,28.0,0,0,7.8958,1,1,1,1
655,0,3,2,32.0,1,1,15.5,2,0,3,0
656,0,2,1,23.0,0,0,13.0,1,1,1,1
657,0,1,1,58.0,0,2,113.275,1,1,2,0
658,1,1,1,50.0,2,0,133.65,1,1,1,0
659,0,3,1,40.0,0,0,7.225,1,1,2,1
660,0,1,1,47.0,0,0,25.5875,1,1,1,1
661,0,3,1,36.0,0,0,7.4958,1,1,1,1
662,1,3,1,20.0,1,0,7.925,1,1,1,0
663,0,2,1,32.0,2,0,73.5,1,1,1,0
664,0,2,1,25.0,0,0,13.0,1,1,1,1
665,0,3,1,28.0,0,0,7.775,1,1,1,1
666,0,3,1,43.0,0,0,8.05,1,1,1,1
667,1,1,2,28.0,1,0,52.0,2,0,1,0
668,1,2,2,40.0,1,1,39.0,2,0,1,0
669,0,1,1,31.0,1,0,52.0,1,1,1,0
670,0,2,1,70.0,0,0,10.5,1,1,1,1
671,1,2,1,31.0,0,0,13.0,1,1,1,1
672,0,2,1,28.0,0,0,0.0,1,1,1,1
673,0,3,1,18.0,0,0,7.775,1,1,1,1
674,0,3,1,24.5,0,0,8.05,1,1,1,1
675,1,3,2,18.0,0,0,9.8417,2,0,1,1
676,0,3,2,43.0,1,6,46.9,2,0,1,0
677,1,1,1,36.0,0,1,512.3292,1,1,2,0
678,0,3,2,28.0,0,0,8.1375,2,0,3,1
679,1,1,1,27.0,0,0,76.7292,1,1,2,1
680,0,3,1,20.0,0,0,9.225,1,1,1,1
681,0,3,1,14.0,5,2,46.9,3,0,1,0
682,0,2,1,60.0,1,1,39.0,1,1,1,0
683,0,2,1,25.0,1,2,41.5792,1,1,2,0
684,0,3,1,14.0,4,1,39.6875,3,0,1,0
685,0,3,1,19.0,0,0,10.1708,1,1,1,1
686,0,3,1,18.0,0,0,7.7958,1,1,1,1
687,1,1,2,15.0,0,1,211.3375,3,0,1,0
688,1,1,1,31.0,1,0,57.0,1,1,1,0
689,1,3,2,4.0,0,1,13.4167,3,0,2,0
690,1,3,1,28.0,0,0,56.4958,1,1,1,1
691,0,3,1,25.0,0,0,7.225,1,1,2,1
692,0,1,1,60.0,0,0,26.55,1,1,1,1
693,0,2,1,52.0,0,0,13.5,1,1,1,1
694,0,3,1,44.0,0,0,8.05,1,1,1,1
695,1,3,2,28.0,0,0,7.7333,2,0,3,1
696,0,1,1,49.0,1,1,110.8833,1,1,2,0
697,0,3,1,42.0,0,0,7.65,1,1,1,1
698,1,1,2,18.0,1,0,227.525,2,0,2,0
699,1,1,1,35.0,0,0,26.2875,1,1,1,1
700,0,3,2,18.0,0,1,14.4542,2,0,2,0
701,0,3,1,25.0,0,0,7.7417,1,1,3,1
702,0,3,1,26.0,1,0,7.8542,1,1,1,0
703,0,2,1,39.0,0,0,26.0,1,1,1,1
704,1,2,2,45.0,0,0,13.5,2,0,1,1
705,1,1,1,42.0,0,0,26.2875,1,1,1,1
706,1,1,2,22.0,0,0,151.55,2,0,1,1
707,1,3,1,28.0,1,1,15.2458,1,1,2,0
708,1,1,2,24.0,0,0,49.5042,2,0,2,1
709,0,1,1,28.0,0,0,26.55,1,1,1,1
710,1,1,1,48.0,1,0,52.0,1,1,1,0
711,0,3,1,29.0,0,0,9.4833,1,1,1,1
712,0,2,1,52.0,0,0,13.0,1,1,1,1
713,0,3,1,19.0,0,0,7.65,1,1,1,1
714,1,1,2,38.0,0,0,227.525,2,0,2,1
715,1,2,2,27.0,0,0,10.5,2,0,1,1
716,0,3,1,28.0,0,0,15.5,1,1,3,1
717,0,3,1,33.0,0,0,7.775,1,1,1,1
718,1,2,2,6.0,0,1,33.0,3,0,1,0
719,0,3,1,17.0,1,0,7.0542,1,1,1,0
720,0,2,1,34.0,0,0,13.0,1,1,1,1
721,0,2,1,50.0,0,0,13.0,1,1,1,1
722,1,1,1,27.0,1,0,53.1,1,1,1,0
723,0,3,1,20.0,0,0,8.6625,1,1,1,1
724,1,2,2,30.0,3,0,21.0,2,0,1,0
725,1,3,2,28.0,0,0,7.7375,2,0,3,1
726,0,2,1,25.0,1,0,26.0,1,1,1,0
727,0,3,2,25.0,1,0,7.925,2,0,1,0
728,1,1,2,29.0,0,0,211.3375,2,0,1,1
729,0,3,1,11.0,0,0,18.7875,3,0,2,1
730,0,2,1,28.0,0,0,0.0,1,1,1,1
731,0,2,1,23.0,0,0,13.0,1,1,1,1
732,0,2,1,23.0,0,0,13.0,1,1,1,1
733,0,3,1,28.5,0,0,16.1,1,1,1,1
734,0,3,2,48.0,1,3,34.375,2,0,1,0
735,1,1,1,35.0,0,0,512.3292,1,1,2,1
736,0,3,1,28.0,0,0,7.8958,1,1,1,1
737,0,3,1,28.0,0,0,7.8958,1,1,1,1
738,1,1,1,28.0,0,0,30.0,1,1,1,1
739,0,1,1,36.0,1,0,78.85,1,1,1,0
740,1,1,2,21.0,2,2,262.375,2,0,2,0
741,0,3,1,24.0,1,0,16.1,1,1,1,0
742,1,3,1,31.0,0,0,7.925,1,1,1,1
743,0,1,1,70.0,1,1,71.0,1,1,1,0
744,0,3,1,16.0,1,1,20.25,1,1,1,0
745,1,2,2,30.0,0,0,13.0,2,0,1,1
746,0,1,1,19.0,1,0,53.1,1,1,1,0
747,0,3,1,31.0,0,0,7.75,1,1,3,1
748,1,2,2,4.0,1,1,23.0,3,0,1,0
749,1,3,1,6.0,0,1,12.475,3,0,1,0
750,0,3,1,33.0,0,0,9.5,1,1,1,1
751,0,3,1,23.0,0,0,7.8958,1,1,1,1
752,1,2,2,48.0,1,2,65.0,2,0,1,0
753,1,2,1,0.67,1,1,14.5,3,0,1,0
754,0,3,1,28.0,0,0,7.7958,1,1,1,1
755,0,2,1,18.0,0,0,11.5,1,1,1,1
756,0,3,1,34.0,0,0,8.05,1,1,1,1
757,1,1,2,33.0,0,0,86.5,2,0,1,1
758,0,3,1,28.0,0,0,14.5,1,1,1,1
759,0,3,1,41.0,0,0,7.125,1,1,1,1
760,1,3,1,20.0,0,0,7.2292,1,1,2,1
761,1,1,2,36.0,1,2,120.0,2,0,1,0
762,0,3,1,16.0,0,0,7.775,1,1,1,1
763,1,1,2,51.0,1,0,77.9583,2,0,1,0
764,0,1,1,28.0,0,0,39.6,1,1,2,1
765,0,3,2,30.5,0,0,7.75,2,0,3,1
766,0,3,1,28.0,1,0,24.15,1,1,3,0
767,0,3,1,32.0,0,0,8.3625,1,1,1,1
768,0,3,1,24.0,0,0,9.5,1,1,1,1
769,0,3,1,48.0,0,0,7.8542,1,1,1,1
770,0,2,2,57.0,0,0,10.5,2,0,1,1
771,0,3,1,28.0,0,0,7.225,1,1,2,1
772,1,2,2,54.0,1,3,23.0,2,0,1,0
773,0,3,1,18.0,0,0,7.75,1,1,1,1
774,0,3,1,28.0,0,0,7.75,1,1,3,1
775,1,3,2,5.0,0,0,12.475,3,0,1,1
776,0,3,1,28.0,0,0,7.7375,1,1,3,1
777,1,1,2,43.0,0,1,211.3375,2,0,1,0
778,1,3,2,13.0,0,0,7.2292,3,0,2,1
779,1,1,2,17.0,1,0,57.0,2,0,1,0
780,0,1,1,29.0,0,0,30.0,1,1,1,1
781,0,3,1,28.0,1,2,23.45,1,1,1,0
782,0,3,1,25.0,0,0,7.05,1,1,1,1
783,0,3,1,25.0,0,0,7.25,1,1,1,1
784,1,3,2,18.0,0,0,7.4958,2,0,1,1
785,0,3,1,8.0,4,1,29.125,3,0,3,0
786,1,3,1,1.0,1,2,20.575,3,0,1,0
787,0,1,1,46.0,0,0,79.2,1,1,2,1
788,0,3,1,28.0,0,0,7.75,1,1,3,1
789,0,2,1,16.0,0,0,26.0,1,1,1,1
790,0,3,2,28.0,8,2,69.55,2,0,1,0
791,0,1,1,28.0,0,0,30.6958,1,1,2,1
792,0,3,1,25.0,0,0,7.8958,1,1,1,1
793,0,2,1,39.0,0,0,13.0,1,1,1,1
794,1,1,2,49.0,0,0,25.9292,2,0,1,1
795,1,3,2,31.0,0,0,8.6833,2,0,1,1
796,0,3,1,30.0,0,0,7.2292,1,1,2,1
797,0,3,2,30.0,1,1,24.15,2,0,1,0
798,0,2,1,34.0,0,0,13.0,1,1,1,1
799,1,2,2,31.0,1,1,26.25,2,0,1,0
800,1,1,1,11.0,1,2,120.0,3,0,1,0
801,1,3,1,0.42,0,1,8.5167,3,0,2,0
802,1,3,1,27.0,0,0,6.975,1,1,1,1
803,0,3,1,31.0,0,0,7.775,1,1,1,1
804,0,1,1,39.0,0,0,0.0,1,1,1,1
805,0,3,2,18.0,0,0,7.775,2,0,1,1
806,0,2,1,39.0,0,0,13.0,1,1,1,1
807,1,1,2,33.0,1,0,53.1,2,0,1,0
808,0,3,1,26.0,0,0,7.8875,1,1,1,1
809,0,3,1,39.0,0,0,24.15,1,1,1,1
810,0,2,1,35.0,0,0,10.5,1,1,1,1
811,0,3,2,6.0,4,2,31.275,3,0,1,0
812,0,3,1,30.5,0,0,8.05,1,1,1,1
813,0,1,1,28.0,0,0,0.0,1,1,1,1
814,0,3,2,23.0,0,0,7.925,2,0,1,1
815,0,2,1,31.0,1,1,37.0042,1,1,2,0
816,0,3,1,43.0,0,0,6.45,1,1,1,1
817,0,3,1,10.0,3,2,27.9,3,0,1,0
818,1,1,2,52.0,1,1,93.5,2,0,1,0
819,1,3,1,27.0,0,0,8.6625,1,1,1,1
820,0,1,1,38.0,0,0,0.0,1,1,1,1
821,1,3,2,27.0,0,1,12.475,2,0,1,0
822,0,3,1,2.0,4,1,39.6875,3,0,1,0
823,0,3,1,28.0,0,0,6.95,1,1,3,1
824,0,3,1,28.0,0,0,56.4958,1,1,1,1
825,1,2,1,1.0,0,2,37.0042,3,0,2,0
826,1,3,1,28.0,0,0,7.75,1,1,3,1
827,1,1,2,62.0,0,0,80.0,2,0,1,1
828,1,3,2,15.0,1,0,14.4542,3,0,2,0
829,1,2,1,0.83,1,1,18.75,3,0,1,0
830,0,3,1,28.0,0,0,7.2292,1,1,2,1
831,0,3,1,23.0,0,0,7.8542,1,1,1,1
832,0,3,1,18.0,0,0,8.3,1,1,1,1
833,1,1,2,39.0,1,1,83.1583,2,0,2,0
834,0,3,1,21.0,0,0,8.6625,1,1,1,1
835,0,3,1,28.0,0,0,8.05,1,1,1,1
836,1,3,1,32.0,0,0,56.4958,1,1,1,1
837,1,1,1,28.0,0,0,29.7,1,1,2,1
838,0,3,1,20.0,0,0,7.925,1,1,1,1
839,0,2,1,16.0,0,0,10.5,1,1,1,1
840,1,1,2,30.0,0,0,31.0,2,0,2,1
841,0,3,1,34.5,0,0,6.4375,1,1,2,1
842,0,3,1,17.0,0,0,8.6625,1,1,1,1
843,0,3,1,42.0,0,0,7.55,1,1,1,1
844,0,3,1,28.0,8,2,69.55,1,1,1,0
845,0,3,1,35.0,0,0,7.8958,1,1,2,1
846,0,2,1,28.0,0,1,33.0,1,1,1,0
847,1,1,2,28.0,1,0,89.1042,2,0,2,0
848,0,3,1,4.0,4,2,31.275,3,0,1,0
849,0,3,1,74.0,0,0,7.775,1,1,1,1
850,0,3,2,9.0,1,1,15.2458,3,0,2,0
851,1,1,2,16.0,0,1,39.4,2,0,1,0
852,0,2,2,44.0,1,0,26.0,2,0,1,0
853,1,3,2,18.0,0,1,9.35,2,0,1,0
854,1,1,2,45.0,1,1,164.8667,2,0,1,0
855,1,1,1,51.0,0,0,26.55,1,1,1,1
856,1,3,2,24.0,0,3,19.2583,2,0,2,0
857,0,3,1,28.0,0,0,7.2292,1,1,2,1
858,0,3,1,41.0,2,0,14.1083,1,1,1,0
859,0,2,1,21.0,1,0,11.5,1,1,1,0
860,1,1,2,48.0,0,0,25.9292,2,0,1,1
861,0,3,2,28.0,8,2,69.55,2,0,1,0
862,0,2,1,24.0,0,0,13.0,1,1,1,1
863,1,2,2,42.0,0,0,13.0,2,0,1,1
864,1,2,2,27.0,1,0,13.8583,2,0,2,0
865,0,1,1,31.0,0,0,50.4958,1,1,1,1
866,0,3,1,28.0,0,0,9.5,1,1,1,1
867,1,3,1,4.0,1,1,11.1333,3,0,1,0
868,0,3,1,26.0,0,0,7.8958,1,1,1,1
869,1,1,2,47.0,1,1,52.5542,2,0,1,0
870,0,1,1,33.0,0,0,5.0,1,1,1,1
871,0,3,1,47.0,0,0,9.0,1,1,1,1
872,1,2,2,28.0,1,0,24.0,2,0,2,0
873,1,3,2,15.0,0,0,7.225,3,0,2,1
874,0,3,1,20.0,0,0,9.8458,1,1,1,1
875,0,3,1,19.0,0,0,7.8958,1,1,1,1
876,0,3,1,28.0,0,0,7.8958,1,1,1,1
877,1,1,2,56.0,0,1,83.1583,2,0,2,0
878,1,2,2,25.0,0,1,26.0,2,0,1,0
879,0,3,1,33.0,0,0,7.8958,1,1,1,1
880,0,3,2,22.0,0,0,10.5167,2,0,1,1
881,0,2,1,28.0,0,0,10.5,1,1,1,1
882,0,3,1,25.0,0,0,7.05,1,1,1,1
883,0,3,2,39.0,0,5,29.125,2,0,3,0
884,0,2,1,27.0,0,0,13.0,1,1,1,1
885,1,1,2,19.0,0,0,30.0,2,0,1,1
886,0,3,2,28.0,1,2,23.45,2,0,1,0
887,1,1,1,26.0,0,0,30.0,1,1,2,1
888,0,3,1,32.0,0,0,7.75,1,1,3,1
